1 931 632230 908 27.8866 830 3.03085 818 2.33335 559.201 6.89467 
2 0 0 0 0 0 0 0 0 0 0 
3 946.187 0.28103 918.029 0.457956 875.69 0.339042 830.568 0.328762 562.701 0.327629 
4 951.35 0.299732 922.932 0.464427 879.049 0.371852 832.441 0.343999 559.055 0.307245 
5 951.322 0.349943 923.424 0.408315 880.114 0.378366 835.368 0.270543 568.722 0.251189 
6 944.839 0.352647 916.47 0.402669 873.44 0.374258 827.36 0.323171 555.592 0.341583 
7 930.957 0.330194 903.973 0.371486 861.239 0.307405 816.116 0.308301 549.233 0.263011 
8 951.897 0.364555 923.227 0.503017 879.653 0.599322 833.689 0.295073 559.186 0.31952 
9 949.139 0.279872 921.136 0.416134 877.457 0.366138 832.985 0.287918 564.872 0.281414 
10 960.738 0.317798 932.03 0.368027 887.84 0.378286 840.504 0.45114 565.269 0.281718 
11 951.325 0.259271 921.778 0.386494 879.762 0.591216 835.328 0.28271 567.259 0.342214 
12 958.676 0.665847 928.5 0.540118 884.133 0.409602 839.123 0.356297 562.514 0.318225 
13 951.485 0.270568 922.976 0.489634 879.747 0.441459 835.376 0.247743 567.614 0.271724 
14 961.501 0.267864 932.525 0.52562 886.887 0.387139 841.435 0.320373 567.536 0.353062 
15 959.159 0.262499 930.656 0.619429 887.142 0.509745 841.702 0.309453 574.187 0.30862 
16 950.07 0.27309 921.678 0.515314 876.338 0.437086 829.942 0.424545 556.176 0.310886 
17 937.471 0.258431 908.382 0.447311 864.847 0.448157 820.079 0.346271 553.529 0.30833 
18 946.497 0.234002 917.114 0.343525 872.225 0.31997 826.981 0.306861 552.597 0.243067 
19 964.758 0.25531 935.94 0.736685 890.997 0.54248 846.484 0.455431 577.456 0.345339 
20 963.886 0.266372 934.688 0.557976 888.762 0.461567 844.019 0.304502 569.337 0.324904 
21 944.245 0.267422 914.752 0.417023 871.091 0.38591 826.062 0.31011 557.258 0.330602 
22 966.254 0.246495 936.501 0.475195 891.53 0.322065 844.982 0.376071 570.629 0.291988 
23 942.392 0.267095 913.021 0.67467 868.558 0.446257 824.373 0.303905 556.875 0.417829 
24 955.712 0.27115 924.437 0.464675 879.378 0.374509 834.29 0.355103 557.658 0.355613 
25 953.773 0.283693 924.561 0.712048 881.074 0.384171 836.476 0.332867 570.351 0.358962 
26 946.849 0.206236 916.233 0.507263 870.568 0.340428 824.684 0.281002 550.391 0.32375 
27 960.118 0.284223 931.246 0.7647 884.718 0.39118 841.377 0.445923 573.6 0.520796 
28 959.164 0.277263 928.466 0.503461 883.492 0.387875 837.635 0.304683 562.014 0.281789 
29 934.126 0.289323 903.744 0.53271 859.527 0.445119 814.741 0.407454 546.875 0.381611 
30 952.735 0.214733 922.527 0.55748 875.794 0.396496 830.228 0.385942 553.421 0.416164 
31 952.735 0.315864 922.46 0.868657 877.865 0.827422 833.142 0.448722 564.942 0.456253 
32 965.084 0.254416 933.639 0.444062 888.429 0.554923 842.157 0.376478 566.579 0.408757 
33 968.829 0.777826 946.417 0.590712 902.422 0.437764 856.849 0.326448 585.077 0.403375 
34 970.079 0.632762 946.196 0.511734 901.719 0.348896 855.333 0.37707 579.743 0.318857 
35 974.935 0.474414 949.473 0.458533 904.665 0.307308 859.939 0.312583 586.692 0.320738 
36 971 0.536845 946.348 0.439802 901.657 0.414049 855.834 0.331536 576.377 0.583446 
37 970.178 0.519695 947.058 0.505209 903.049 0.371079 858.074 0.319671 586.453 0.288689 
38 959.997 0.577475 934.396 0.441557 890.816 0.39486 844.773 0.362297 570.44 0.300684 
39 972.165 0.452948 947.426 0.438422 904.274 0.357625 858.657 0.357163 587.765 0.302863 
40 985.105 0.584232 959.922 0.604266 915.853 0.411173 869.386 0.31671 590.447 0.385522 
41 956.516 0.379975 931.814 0.56286 886.784 0.399159 841.698 0.305408 568.195 0.321945 
42 970.796 0.406504 945.934 0.828894 901.427 0.514361 854.194 0.302695 575.905 0.400126 
43 966.504 0.378093 941.032 0.666765 896.912 0.373468 851.794 0.330079 578.558 0.284731 
44 970.87 0.404249 945.402 0.658601 900.152 0.518815 853.201 0.553161 573.113 0.520046 
45 965.875 0.574907 942 0.489136 897 0.405904 851.307 0.277667 578.24 0.312235 
46 974.718 0.625905 949.77 0.372449 904.343 0.349093 857.253 0.385573 576.642 0.487946 
47 966.172 0.441337 941.986 0.429048 897.412 0.383844 851.465 0.264792 576.862 0.345724 
48 992.45 0.508464 967.417 0.430455 920.106 0.363462 873.557 0.322332 592.52 0.389766 
49 970.152 0.476907 943.709 0.905902 899.877 0.425254 853.626 0.331372 579.017 0.314845 
50 995.472 0.33055 968.916 0.465093 922.542 0.317115 876.31 0.254464 594.144 0.365667 
51 979.529 0.530615 954.038 0.464811 909.583 0.345198 862.611 0.376444 585.503 0.498618 
52 969.157 0.288691 940.053 0.53552 895.537 0.346307 848.582 0.28501 566.824 0.298603 
53 969.316 0.402647 943 0.435555 898.221 0.371541 851.975 0.358886 576.932 0.632443 
54 981.486 0.335592 953.387 0.350218 909.119 0.315688 860.998 0.339381 579.222 0.29238 
55 978.753 0.312266 951.484 0.487177 907.029 0.339596 860.745 0.418004 586.159 0.344215 
56 992.215 0.429005 963.141 0.509358 916.9 0.314631 870.382 0.300652 588.484 0.314017 
57 984.682 0.618384 957.021 0.797295 913.035 0.461146 865.895 0.34797 590.158 0.451458 
58 980.204 0.276747 951.466 0.51847 906.306 0.338584 858.975 0.339607 577.295 0.326429 
59 982.274 0.426698 955.387 0.62961 910.108 0.414796 863.246 0.35623 585.591 0.335068 
60 979.998 0.34603 951.208 0.480875 905.344 0.379572 859.003 0.39331 577.001 0.306058 
61 984.015 0.377499 955.501 0.68396 911.269 0.422463 865.1 0.500814 586.747 0.39741 
62 990.533 0.380222 961.69 0.535198 915.726 0.296721 868.269 0.342338 585.437 0.300604 
63 981.895 0.435432 953.239 0.60553 908.099 0.421189 862.482 0.388839 585.956 0.538077 
64 994.838 0.378198 964.693 0.737253 918.439 0.502035 871.736 0.375933 586.859 0.496116 
65 0 0 0 0 0 0 0 0 0 0 
66 957.356 1.49685 935 0.564329 890.074 0.667909 845 0.810755 570.441 0.764399 
67 972.136 0.585585 946.966 0.464264 904.078 0.487934 858.432 0.355596 584.316 0.326341 
68 957 0.866374 937 1.66701 886 0.693427 843.159 0.662847 571.452 0.633345 
69 962.125 0.62084 937.499 0.531343 892.853 0.463048 848.465 0.303541 575.747 0.266805 
70 952.5 0.834051 930.927 1.03388 886.032 0.524696 838.594 0.578333 565.615 0.519963 
71 977.881 0.542773 953.884 0.441191 910.065 0.292497 864.237 0.385289 591.292 0.315099 
72 961 0.912483 937 1.25721 893.5 0.996044 847 1.01052 574 0.521289 
73 975.193 0.541981 951.329 0.421461 907.205 0.390171 861.201 0.290277 585.775 0.288997 
74 957 1.54624 932.87 2.1865 888.514 0.869636 843.365 0.562107 568.445 0.462094 
75 981.999 1.62198 958.39 0.559388 913.444 0.504293 867.613 0.386922 591.425 0.365294 
76 965 1.19337 944.9 828.404 897.827 0.828089 852.201 0.650813 578.544 0.726422
77 984.406 0.751977 960.109 0.470027 916.186 0.279742 869.983 0.290607 594.084 0.302945 
78 963 3.84162 938 1.18881 893 0.809155 845.305 0.678219 571.476 1.23827 
79 970 0.760598 945 1.64967 901.271 0.338573 855.788 0.336564 581.646 0.310807 
80 950 1.47612 924 1.06988 880 0.493663 833.452 0.652041 560 0.715707 
81 972.08 0.468983 948.097 0.685518 904.61 0.35175 858.656 0.354974 584.028 0.278638 
82 966.7 1.64094 941.735 1.7066 896.633 0.435236 851.432 0.505746 577.541 0.40752 
83 980.392 0.618218 956.599 0.393908 911.965 0.348443 866.154 0.341708 589.972 0.387623 
84 974 0.661539 948.798 0.68193 904.279 0.384015 858.214 0.64712 583.565 0.29552 
85 991.338 0.439448 966.219 0.536199 921.163 0.332398 874.841 0.36937 597.524 0.315938 
86 955.6 193.856 931.226 0.679191 886.905 0.374656 840.463 0.506198 565.242 0.440144 
87 981.544 0.423873 956.707 0.818363 912.287 0.459739 866.357 0.365647 588.825 0.389829 
88 947.487 0.894342 924.93 1.18463 879.733 0.516336 834.834 0.481865 563.691 0.359849 
89 987.063 0.438038 962.245 0.449662 917.614 0.354894 871.003 0.287949 594.024 0.396216 
90 953.5 0.426946 929.281 0.805227 885.792 0.599705 839.286 0.440838 564.727 0.424853 
91 993.605 0.586611 967.914 0.447699 924.183 0.409559 877.48 0.352302 598.584 0.419044 
92 982 0.548713 955.864 1.0719 912.387 0.951601 865.609 0.415773 591.259 0.383866 
93 984.63 0.437836 958.591 0.653319 914.33 0.562399 868.505 0.326341 589.535 0.335653 
94 942 1.36181  916.481 0.639307 873.266 0.657156 825.588 0.63599 551 1.64646
95 980.227 0.568768 954.981 0.682258 910.725 0.457562 864.129 0.651181 587.708 0.35301 
96 957 0.650831 933.51 2.63123 886.681 0.846311 842.358 0.772704 565.158 0.549554 
97 994.501 0.266503 965.02 0.319157 921.588 0.290837 875.117 0.2884 597.445 0.291255 
98 968.333 0.500687 940.517 1.99382 896.213 0.364655 850.81 0.494638 576.051 0.367966 
99 988.058 0.305125 959.9 0.36472 915.576 0.295668 869.255 0.273163 592.385 0.249787 
100 983.966 0.406176 958 0.609276 912.513 0.868129 865.639 0.374035 590.709 0.389253 
101 968.624 0.225427 941.769 0.349389 897.198 0.367419 850.762 0.235618 575.754 0.288096 
102 966.201 0.652231 938.823 0.561163 895.079 0.546774 849.328 0.385229 574.756 0.30316 
103 988.849 0.289913 961.244 0.444764 917.184 0.285384 870.724 0.267274 595.732 0.264604 
104 953.498 0.441085 926.595 0.779266 881.64 0.524082 837.229 0.318347 563.248 0.382436 
105 986.994 0.299395 959.407 0.457498 914.406 0.325166 868.243 0.266172 590.816 0.237108 
106 949.423 0.475691 922.07 0.499615 877.8 0.39766 832.039 0.384411 557.664 0.562114 
107 997.002 0.384034 969.881 0.333171 924.66 0.310903 878.953 0.23836 601.388 0.236826 
108 955.261 0.46516 928.244 1.29084 884.654 0.516979 839.166 0.563961 564.511 0.351479 
109 986.429 0.339049 957.927 0.317617 914.327 0.265185 868.189 0.283718 591.314 0.249031 
110 945.771 0.454572 919.223 0.530898 874.278 0.482515 828.932 0.378891 553.947 0.370605 
111 964.288 0.279215 937.059 0.361234 892.872 0.331395 847.071 0.254824 572.326 0.292065 
112 955.347 0.667469 928.5 6.56171 885.98 0.771215 839.213 0.458456 564.819 0.37308 
113 976.865 0.27752 949.7 0.320481 905.96 0.253833 859.508 0.259032 583.977 0.26702 
114 962.703 0.372906 935.732 0.435111 891.403 0.343933 845.57 0.43388 568.809 0.277157 
115 976.286 0.382288 949.336 0.388069 904.959 0.326635 858.37 0.317049 581.029 0.270693 
116 967.163 0.328617 939.509 0.531253 895.74 0.393794 850.062 0.374989 574.107 0.284999 
117 974.918 0.325434 947.647 0.403844 902.863 0.348537 856.587 0.303593 579.939 0.305681 
118 955.017 0.389981 927.501 0.675455 884.023 0.399722 837.273 0.309851 560.861 0.304258 
119 985.969 0.383466 959.519 0.508765 914.292 0.31467 868.121 0.400038 589.589 0.259096 
120 959.172 0.529653 933.352 0.528748 887.549 0.726853 841.897 0.393723 564.576 0.49301 
121 982.349 0.308858 954.456 0.630805 908.952 0.509117 863.826 0.271317 586.109 0.32895 
122 966.281 0.350136 939.133 0.796147 894.549 0.477504 848.832 0.34024 573.226 0.334969 
123 989.118 0.380682 960.704 0.412798 916.242 0.39572 869.858 0.350023 591.601 0.339449 
124 955.152 0.55156 927.653 0.464858 883.12 0.424783 836.521 0.447473 561.853 0.491374 
125 962.984 0.381605 934.248 0.833236 890.742 0.46151 844.891 0.319166 568.945 0.34308 
126 962.347 0.989964 933.625 0.647318 889.383 0.418631 843.263 0.435998 565.945 0.334933 
127 977.716 0.455122 951.309 1.0359 906.365 0.361892 859.527 0.361949 581.314 0.393577 
128 957.594 0.454103 928.493 2.51081 885.29 0.54864 839.883 0.476785 564.919 0.904632 
