1 928.962 3.13751 905.94 6.42159 824.421 1.93071 622.739 99.5506 557.364 4.79242 
2 0 0 0 0 0 0 0 0 0 0 
3 946.639 0.36979 917.982 0.535229 876.222 0.55342 831.091 0.499952 562.898 0.379685 
4 951.369 0.3797 923.118 0.660743 879.429 0.506838 832.5 0.362436 559.725 0.439135 
5 951.457 0.391049 923.02 0.396644 880.221 0.49251 835.5 0.350221 568.478 0.356641 
6 944.963 0.331575 916.181 0.483345 873.852 0.416427 828.163 0.59946 555.643 0.42908 
7 931.372 0.462088 904.314 0.547736 861.269 0.337141 816.261 0.360561 549.308 0.267052 
8 950.914 0.283999 923.239 0.629087 879.974 0.815983 833.902 0.316984 559.275 0.351763 
9 949.006 0.344044 920.961 0.528574 877.228 0.423214 833.047 0.355816 564.771 0.360856 
10 961.092 0.339881 932.053 0.466799 887.613 0.446862 840.878 0.634998 565.452 0.298202 
11 951.226 0.28503 921.668 0.432221 879.781 0.638882 835.885 0.466625 567.883 0.40311 
12 958.455 0.550156 929.397 0.573461 883.927 0.496597 839.339 0.42324 562.403 0.316408 
13 951.531 0.339259 923.086 0.634678 879.721 0.528334 835.812 0.361439 567.906 0.357581 
14 961.757 0.258657 932.496 0.54517 886.497 0.353825 841.181 0.427302 567.487 0.461692 
15 959.006 0.311719 930.886 0.571776 887.041 0.538715 841.813 0.352623 574.609 0.365433 
16 950.129 0.281414 921.131 0.560238 876.485 0.454532 830.223 0.405679 556.42 0.386628 
17 937.676 0.274585 908.447 0.528863 864.871 0.500226 820.447 0.406507 553.81 0.374375 
18 946.43 0.255644 917.073 0.274754 871.879 0.541405 827.775 0.547189 552.719 0.280883 
19 964.645 0.330615 935.843 0.870886 891.151 0.521916 846.657 0.526667 577.483 0.45809 
20 963.797 0.316729 934.114 0.441864 889.106 0.556453 844.5 0.326868 569.152 0.393263 
21 944.229 0.339041 914.426 0.482412 871.652 0.772975 826.114 0.342962 557.326 0.378715 
22 966.103 0.233994 936.348 0.702426 891.514 0.407217 845.08 0.35315 570.92 0.385331 
23 942.542 0.283564 912.701 0.771386 868.775 0.534112 824.528 0.368044 557.061 0.445839 
24 956.098 0.315816 924.491 0.675608 879.944 0.521793 834.305 0.29283 557.497 0.455035 
25 953.772 0.363384 924.603 0.47364 881.23 0.406135 836.248 0.455147 570.925 0.426055 
26 946.81 0.21204 916.11 0.574034 870.388 0.330003 824.079 0.498671 550.169 0.314428 
27 959.824 0.427205 931.01 0.80237 884.651 0.500426 841.204 0.411438 572.803 0.487829 
28 959.72 0.366694 929.117 0.434393 883.703 0.523964 837.724 0.305647 562.165 0.321289 
29 934.468 0.296772 904.026 0.816257 860.037 0.64049 815.174 0.506644 547.329 0.609829 
30 952.714 0.286824 921.884 0.935579 876.264 0.681445 830.575 0.505625 553.784 0.453047 
31 952.926 0.360601 922.74 0.562555 877.704 0.683043 833.173 0.516987 564.844 0.497891 
32 965.104 0.291528 933.677 0.459414 888.317 0.737907 842.338 0.419015 566.698 0.333584 
33 969.467 0.76031 946.248 0.580237 901.944 0.528155 856.976 0.34812 585.548 0.49739 
34 970.367 0.732031 945.866 0.43925 901.99 0.412224 855.548 0.520446 579.823 0.405735 
35 974.395 0.684816 949.637 0.52304 904.879 0.349807 859.941 0.445652 586.678 0.358899 
36 970.866 0.633438 946.472 0.493244 901.371 0.308409 855.536 0.373114 576.224 0.717956 
37 970.336 0.511995 946.909 0.556753 903.602 0.620666 858.003 0.359915 586.433 0.308991 
38 959.989 0.702005 934.503 0.401967 891.947 0.831057 844.826 0.492471 570.842 0.39908 
39 972.791 0.45132 947.097 0.485414 904.35 0.450034 859.178 0.53978 587.919 0.431049 
40 985.406 0.719611 959.99 1.05786 915.767 0.487525 869.649 0.32325 590.396 0.41348 
41 956.645 0.42374 931.686 0.66786 887.712 0.549172 841.815 0.344419 568.019 0.396509 
42 971.147 0.583906 945.506 1.08118 901.375 0.368541 854.291 0.35675 576.581 0.396854 
43 966.764 0.474853 941.138 0.534496 896.765 0.482499 851.964 0.448996 578.781 0.412431 
44 971.881 0.699558 945.462 0.549232 899.849 0.605057 853.18 0.419869 572.053 0.663713 
45 966.067 0.585888 941.629 0.590002 896.64 0.528289 851.557 0.40022 578.41 0.327143 
46 974.747 0.726029 949.947 0.3443 903.792 0.396105 856.955 0.567727 576.826 0.606089 
47 966.159 0.50568 941.874 0.420291 897.401 0.478718 852.293 0.493713 577.196 0.433595 
48 992.461 0.637324 966.935 0.423554 919.2 0.29003 873.423 0.440079 592.78 0.534059 
49 970.506 0.625094 943.555 0.974866 899.474 0.755436 853.627 0.411553 578.931 0.379445 
50 996.178 0.538004 967.877 0.825937 923.015 0.476003 876.553 0.291485 594.282 0.397277 
51 979.441 0.843779 954.241 0.464495 909.75 0.399436 862.918 0.387138 585.432 0.444013 
52 968.997 0.385888 940.038 0.699179 895.968 0.52866 848.28 0.410491 566.959 0.326832 
53 969.425 0.380115 941.935 0.564416 898.468 0.438535 852.219 0.567849 575.71 0.722619 
54 981.704 0.368629 952.492 0.567837 909.006 0.396635 861.169 0.426574 579.726 0.411029 
55 978.777 0.391454 951.511 0.617569 906.864 0.378924 860.892 0.419835 585.927 0.4262 
56 992.422 0.395865 962.788 0.63725 917.22 0.337687 870.297 0.316844 588.437 0.333414 
57 984.588 0.59312 956.284 0.834803 913.028 0.612419 866.269 0.437979 590.344 0.477762 
58 980.029 0.370865 951.172 0.540026 906.351 0.378747 858.776 0.38209 577.142 0.421596 
59 982.153 0.441724 955.676 0.777165 910.22 0.490512 863.586 0.545747 585.801 0.370911 
60 980.256 0.378449 950.909 0.468714 905.986 0.529055 859.857 0.716663 577.249 0.362631 
61 984.217 0.460812 955.43 0.621894 911.688 0.813315 864.033 0.690986 587.352 0.566771 
62 990.801 0.438484 961.791 0.411235 915.579 0.333251 868.566 0.386829 585.438 0.370027 
63 982.087 0.568472 953.5 0.542929 908.204 0.666908 862.391 0.420157 585.677 0.77777 
64 994.884 0.418007 964.659 0.860113 918.635 0.504187 871.51 0.436462 586.502 0.482004 
65 0 0 0 0 0 0 0 0 0 0 
66 0 0 0 0 0 0 0 0 0 0 
67 972.061 0.689234 947.034 0.518607 903.995 0.496737 858.926 0.48297 583.928 0.362148 
68 956.917 1.08313 935.018 0.665729 887.825 0.655323 846.325 3.81798 572.209 2.55769 
69 962.643 0.713407 937.379 0.559344 892.905 0.519363 848.142 0.459227 575.943 0.359866 
70 949.482 0.987242 931.116 1.40317 885.713 0.431907 838.738 0.379723 565.695 0.505647 
71 978.108 0.492383 953.925 0.504821 909.935 0.301927 864.736 0.422498 591.28 0.384816 
72 960.963 0.847723 935.318 0.720856 892.221 0.855357 848.081 1.96558 575.686 1.19763 
73 976.15 1.51561 952.344 0.844719 907.141 0.364064 861.1 0.337162 585.712 0.349172 
74 1402.71 480.356 955.666 2.61329 933.063 1.74794 887.655 0.820441 567.56 1.08052 
75 981.353 0.989236 958.375 0.513083 913.285 0.406617 867.471 0.435834 592.145 0.509382 
76 961.143 1.99966 945.343 1.01402 897.922 0.698875 852.079 0.637268 578.855 0.879821 
77 984.329 0.62501 959.756 0.887673 916.262 0.356378 870.057 0.305316 594.454 0.396279 
78 1113.11 779.315 1096.33 413.195 960.266 0.977778 921.307 78.2536 844.018 1.51645 
79 969.64 0.609155 946.15 0.746877 901.417 0.372682 855.914 0.433717 581.466 0.410908 
80 948.368 1.70971 925.018 0.918798 878.877 1.0691 833.167 0.692374 561.478 2.17925 
81 972.258 0.487666 948.796 0.653418 904.849 0.394924 858.465 0.348692 584.1 0.382857 
82 965.856 0.364544 942.118 1.03892 896.858 0.620891 851.902 0.731095 577.996 0.528177 
83 981.166 0.530587 956.618 0.451161 912.196 0.43291 866.253 0.391534 589.958 0.472646 
84 973.591 0.599358 948.475 0.895704 903.551 0.695621 857.112 1.45186 583.28 0.369894 
85 991.954 0.811402 966.101 0.651671 921.202 0.385167 874.802 0.386622 597.825 0.393678 
86 955.55 2.39083 931.874 1.08155 886.703 0.395659 840.775 0.654552 565.26 0.442819 
87 981.481 0.475159 956.819 0.76787 912.326 0.484055 866.399 0.393034 589.024 0.420036 
88 947.598 0.678939 924.943 1.80291 880.633 0.455649 834.709 0.487998 564.616 0.319519 
89 987.209 0.584041 961.995 0.497176 917.655 0.372319 871.297 0.315577 594.083 0.481926 
90 951.17 3.9566 928.411 1.44345 885.778 0.452052 838.711 0.400814 564.721 0.354602 
91 993.686 0.652026 967.956 0.563908 924.616 0.393934 877.433 0.505659 598.923 0.474991 
92 980.188 0.987478 959.74 12.4427 912.255 1.00926 865.965 0.445279 591.518 0.59507 
93 985.212 0.419367 958.492 0.580677 914.927 0.803833 867.215 0.753286 589.563 0.380119 
94 940.022 1.12178 916.947 0.748644 870.811 1.69686 825.792 0.812039 542.732 12.9457 
95 980.186 0.68825 955.107 0.757215 910.434 0.460586 863.063 0.507356 588.021 0.526822 
96 957.149 2.10488 933.434 3.12892 887.183 0.699965 843.625 11.166 565.508 0.561146 
97 994.775 0.363433 965.134 0.332324 921.745 0.306251 875.56 0.417353 597.386 0.293963 
98 968.578 0.461824 940.976 0.796001 896.488 0.436372 850.312 0.615671 575.954 0.496927 
99 988.025 0.406876 960.087 0.428894 915.983 0.42325 869.333 0.274252 592.188 0.345794 
100 984.029 0.477508 956.847 0.515514 912.381 0.880589 865.359 0.485179 590.996 0.488701 
101 968.011 0.377336 941.999 0.386947 897.233 0.429775 850.797 0.265213 576.095 0.344823 
102 965.649 0.772683 938.693 0.52873 895.039 0.487846 849.419 0.43576 575.117 0.424077 
103 988.82 0.367631 961.499 0.460842 917.249 0.31258 870.868 0.322844 596.308 0.452013 
104 953.494 0.524531 926.882 0.917512 882.005 0.765768 837.501 0.378219 563.842 0.527046 
105 987.258 0.419251 959.573 0.489181 914.745 0.321877 868.514 0.300052 590.848 0.269343 
106 949.58 0.424709 921.741 0.758042 877.891 0.580545 832.592 0.420522 557.141 0.514626 
107 996.656 0.438059 969.727 0.337055 924.66 0.401651 879.129 0.287121 601.346 0.291494 
108 955.608 0.787983 927.432 0.634518 884.618 0.637827 839.731 0.877527 564.711 0.431671 
109 986.277 0.359482 957.929 0.34837 914.597 0.31762 867.951 0.375924 591.569 0.339973 
110 946.512 0.764302 919.191 0.625647 874.443 0.58081 828.927 0.430802 554.258 0.413266 
111 964.593 0.323405 936.918 0.488332 892.167 0.420603 847.267 0.321841 572.104 0.340406 
112 955.801 1.00706 929.081 1.58739 884.764 0.89726 839.205 0.42676 564.848 0.452642 
113 976.841 0.352004 949.609 0.361745 906.386 0.318326 859.644 0.339715 583.956 0.361456 
114 962.907 0.416517 935.442 0.496956 891.403 0.417847 845.299 0.419735 568.04 0.470119 
115 976.418 0.449958 949.212 0.445819 905.093 0.364213 858.589 0.383634 581.187 0.295943 
116 966.817 0.350386 939.436 0.631462 895.683 0.483893 850.007 0.458258 574.188 0.3327 
117 975.298 0.460161 947.321 0.39844 902.752 0.398821 856.365 0.326053 580.055 0.40971 
118 954.769 0.403206 927.691 0.732044 884.316 0.61924 836.795 0.437022 560.654 0.389279 
119 985.934 0.397479 959.949 0.712864 914.397 0.305414 868.302 0.414773 589.652 0.276762 
120 958.927 0.611544 933.852 0.463143 887.669 0.7 841.942 0.452939 564.447 0.611552 
121 982.431 0.363776 954.397 0.694245 909.143 0.585646 863.893 0.405885 586.192 0.338409 
122 966.581 0.444988 939.193 0.748573 894.747 0.459566 848.968 0.385329 573.452 0.423179 
123 989.257 0.434921 961.024 0.43481 916.629 0.389364 869.854 0.428099 591.805 0.462025 
124 954.934 0.529141 928.348 0.844145 883.304 0.482131 836.495 0.597703 560.894 0.500885 
125 963.653 0.628087 934.422 0.545746 890.751 0.507957 845.138 0.347593 569.004 0.414551 
126 960.923 0.804855 933.509 0.695439 889.43 0.470212 843.969 0.743473 565.882 0.359106 
127 977.769 0.526767 951.745 0.779377 906.642 0.456978 859.599 0.543482 581.407 0.424812 
128 957.388 0.576908 930.026 0.6728 885.259 0.600181 839.67 0.7031 565.153 1.31834 
