1 991.057 0.137025 960.392 0.149365 913.11 0.124567 863.084 0.116988 566.189 0.0975702 
2 962.643 0.123412 932.972 0.167343 888.808 0.117961 841.539 0.113316 560.227 0.0988575 
3 966.681 0.110984 935.57 0.141464 888.31 0.101507 838.193 0.0970603 540.18 0.0982815 
4 976.027 0.130209 946.34 0.136231 900.952 0.118309 853.589 0.115142 570.117 0.0963535 
5 998.338 0.0984603 967.036 0.136244 919.078 0.10496 868.988 0.103663 570.464 0.0953449 
6 944.913 0.106643 914.935 0.141095 869.328 0.110646 822.075 0.127804 539.282 0.0861078 
7 961.366 0.104133 930.307 0.117842 883.334 0.0985108 834.435 0.0973533 541.232 0.0876282 
8 909.294 0.0957133 879.216 0.119948 834.821 0.102469 788.776 0.107627 510.85 0.0888288 
9 999.561 0.105873 967.636 0.132253 920.144 0.0952949 869.747 0.0871971 570.514 0.0773178 
10 982.939 0.137846 953.198 0.141962 907.927 0.116633 860.754 0.0983673 579.48 0.0983348 
11 980.695 0.111848 949.922 0.144548 902.944 0.128971 854.444 0.118574 564.454 0.108984 
12 970.946 0.177088 942.096 0.195834 898.142 0.162276 853.814 0.20102 583.839 0.233474 
13 1001.39 0.142598 970.479 0.208728 924.671 0.183143 876.833 0.144367 590.727 0.144377 
14 962.354 0.146182 932.58 0.323905 889.731 0.167244 843.932 0.206287 572.292 0.134824 
15 979.672 0.147507 948.929 0.172784 902.649 0.167897 855.076 0.163544 570.37 0.149361 
16 927.389 0.130934 897.811 0.195316 854.811 0.202592 809.189 0.186855 540.343 0.135288 
17 933.964 0.14091 902.711 0.231962 856.892 0.191045 808.477 0.185108 523.39 0.179349 
18 893.179 0.121824 863.703 0.196647 820.954 0.262794 776.518 0.198299 511.375 0.169381 
19 946.417 0.130977 915.649 0.260551 870.05 0.188458 822.297 0.166273 539.032 0.164461 
20 952.388 0.162667 922.876 0.218195 878.461 0.172224 833.107 0.151292 563.322 0.212803 
21 977.635 0.124859 945.873 0.214761 898.625 0.225981 850.714 0.168095 562.832 0.166965 
22 972.652 0.122241 942.352 0.191816 897.534 0.17458 852.031 0.196979 577.833 0.138084 
23 1005.58 0.0943035 972.35 0.187469 924.337 0.144985 874.384 0.125032 577.504 0.107317 
24 983.519 0.111073 951.635 0.195487 905.093 0.138828 857.618 0.118786 572.893 0.102925 
25 1038.37 0.101739 1004.97 0.147242 955.258 0.150185 904.591 0.121443 602.143 0.106638 
26 999.864 0.132243 967.856 0.205034 920.863 0.140044 872.579 0.140652 586.042 0.121874 
27 1022.38 0.0850654 988.497 0.170213 939.063 0.145504 888.561 0.12435 587.619 0.107367 
28 1019.69 0.0922605 987.228 0.162723 940.839 0.134426 892.911 0.123623 606.591 0.108582 
29 993.78 0.0825251 959.522 0.179295 910.54 0.138581 860.267 0.129071 560.772 0.103277 
30 993.498 0.0769107 961.015 0.154702 914.085 0.13817 865.744 0.114114 579.173 0.103918 
31 997.77 0.0762647 963.135 0.16492 913.496 0.123527 863.116 0.127502 561.419 0.0998578 
32 1012.01 0.142447 979.833 0.257383 932.488 0.205905 884.722 0.225963 601.278 0.16566 
33 921 0 897.8 0 850.6 0 807 0 521.9 0 
34 964.224 0.113928 934.007 0.118799 886.888 0.090358 837.219 0.0832155 541.248 0.0728194 
35 948.574 0.106968 920.453 0.119883 874.846 0.0881239 828.201 0.0691039 545.026 0.0639898 
36 992.639 0.103684 962.108 0.110498 914.97 0.0923987 864.89 0.0836801 566.905 0.0791404 
37 918.078 0.137074 889.801 0.109511 844.83 0.0918415 797.203 0.0724335 514.025 0.0656972 
38 1008.33 0.109979 977.813 0.117144 930.738 0.0917977 881.04 0.0874725 583.758 0.080211 
39 924.963 0.0978754 896.197 0.103677 851.581 0.0930084 804.08 0.0797753 522.112 0.0751982 
40 993.102 0.110185 962.881 0.123786 915.82 0.104134 865.772 0.0867049 567.619 0.0852548 
41 947.527 0.122706 920.042 0.145622 875.205 0.0959801 829.246 0.0784096 550.85 0.0770025 
42 1013.28 0.120882 982.634 0.134745 935.272 0.103874 884.978 0.0916761 584.926 0.0810181 
43 985.987 0.113955 957.45 0.114977 912.371 0.0823119 864.786 0.0806848 581.919 0.0753926 
44 1048.09 0.11823 1017.32 0.126305 969.458 0.0990244 919.156 0.0985247 617.779 0.0827411 
45 938.184 0.124562 909.515 0.127102 864.689 0.0823574 817.427 0.080258 534.588 0.082015 
46 1032.73 0.130449 1002.8 0.123342 955.643 0.108664 905.902 0.0937289 607.622 0.0791451 
47 963.118 0.109915 934.511 0.136172 890.416 0.0931346 843.037 0.100673 561.083 0.0696459 
48 1042.13 0.125634 1011.86 0.154357 964.432 0.0990299 914.168 0.0867889 612.969 0.0817424 
49 974.033 0.113881 945.334 0.116862 900.098 0.0889074 852.967 0.0949186 570.484 0.0789424 
50 970.798 0.14338 940.825 0.138711 893.454 0.0948123 843.699 0.10197 546.605 0.0841922 
51 988.98 0.100886 960.349 0.117218 915.413 0.104539 867.955 0.0946735 586.035 0.0836453 
52 994.187 0.124891 964.149 0.162065 916.862 0.105916 866.204 0.0972829 566.319 0.0933534 
53 976.823 0.117985 948.193 0.151299 903.423 0.116744 856.414 0.103679 573.665 0.0779867 
54 1024.26 0.121513 994.125 0.136899 946.435 0.106893 896.283 0.102041 596.956 0.091446 
55 967.693 0.163846 938.352 0.139967 893.848 0.0873785 846.319 0.0913615 562.476 0.083318 
56 1040.99 0.138206 1010.71 0.152077 962.917 0.115816 912.796 0.107343 611.585 0.100356 
57 973.864 0.131375 945.317 0.135458 900.383 0.100292 853.091 0.109798 571.062 0.0838559 
58 1034.13 0.148367 1004.52 0.150212 956.589 0.111022 906.107 0.111395 605.42 0.0949126 
59 963.54 0.143707 935.225 0.165273 890.732 0.0987867 842.753 0.109918 559.446 0.0780798 
60 1025.21 0.144754 994.629 0.15701 946.89 0.116166 896.587 0.108743 593.445 0.0953326 
61 1000.3 0.148731 971.374 0.160759 926.276 0.106478 879.068 0.100768 595.891 0.11143 
62 992.632 0.142597 962.072 0.157535 914.757 0.114966 864.644 0.104445 564.306 0.112423 
63 977.521 0.144945 948.208 0.177335 903.513 0.137446 856.085 0.125451 572.205 0.0921296 
64 1039.69 0.222337 1009.06 0.190467 960.892 0.143192 910.162 0.128736 607.577 0.123446 
65 0 0 0 0 0 0 0 0 0 0 
66 0 0 0 0 0 0 0 0 0 0  
67 926.237 0.1705 898.717 0.164051 853.286 0.10219 805.378 0.0924854 518.26 0.0808846 
68 989.504 0.124498 961.175 0.119777 915.205 0.0913567 866.238 0.0823638 575.096 0.0709736 
69 941.917 0.137711 914.307 0.121742 868.808 0.0820155 820.541 0.0771387 532.641 0.0638024 
70 992.696 0.139763 964.816 0.126567 918.808 0.0911085 869.996 0.0879289 579.266 0.0702165 
71 951.401 0.149872 924.438 0.132328 878.907 0.084671 831.142 0.0834706 546.501 0.0652949 
72 978.2 0.148792 950.506 0.120042 904.605 0.0848879 855.857 0.0942156 564.827 0.0739122 
73 994.796 0.165449 967.228 0.122883 922.267 0.0852711 874.024 0.0791374 586.595 0.0642137 
74 977.636 0.13805 949.606 0.137838 904.141 0.0857854 855.462 0.0915955 565.411 0.0725461 
75 976.809 0.145019 949.257 0.129792 904.082 0.0817583 855.58 0.0779683 568.485 0.0646157 
76 992.118 0.147115 964.217 0.134761 918.665 0.0948672 869.861 0.0870679 580.308 0.0757449 
77 985.298 0.14783 958.041 0.132493 912.852 0.0963585 864.777 0.0860575 577.862 0.072286 
78 1010.13 0.15579 982.399 0.142504 936.505 0.100242 888.104 0.0914331 598.156 0.081041 
79 974.234 0.146176 946.998 0.126062 901.995 0.0928823 853.882 0.088159 567.382 0.0695359 
80 1016.19 0.152731 988.156 0.139051 941.697 0.0946228 892.78 0.0847934 600.072 0.0848697 
81 0 0 0 0 0 0 0 0 0 0 
82 968.408 0.178541 940.843 0.158755 894.865 0.1161 846.213 0.117098 556.576 0.106396 
83 0 0 0 0 0 0 0 0 0 0 
84 1046.6 4.17736 1018.56 0.176074 973.067 0.123189 924.786 0.112152 635.902 0.114436 
85 965.626 0.16704 938.172 0.139254 892.952 0.0975442 844.771 0.0945024 557.211 0.0746258 
86 976.783 0.163569 949.171 0.149941 903.213 0.120247 855.053 0.110017 566.59 0.0865079 
87 991.24 0.185017 963.133 0.143713 917.855 0.106092 869.651 0.0996882 581.812 0.0835989 
88 1005.96 0.174614 978.258 0.171496 932.673 0.113813 884.27 0.108228 595.391 0.0975343 
89 985.638 0.165276 957.92 0.138468 912.941 0.100621 864.514 0.0926497 575.696 0.0830409 
90 1009.98 0.170514 982.622 0.170161 937.173 0.105929 888.83 0.097865 601.074 0.0898676 
91 990.364 0.168518 962.354 0.165371 917.304 0.116272 868.605 0.101337 579.448 0.0878439 
92 982.65 0.17954 955.146 0.150213 909.561 0.109442 861.006 0.104451 572.236 0.095209 
93 980.588 0.158869 952.823 0.181529 906.783 0.107818 858.487 0.100321 569.352 0.0821248 
94 989.027 0.174639 960.922 0.14459 915.53 0.124035 867.162 0.112092 578.936 0.0917396 
95 1002.9 0.188722 974.981 0.156808 929.242 0.114372 880.558 0.105251 590.657 0.0877592 
96 996.899 0.224934 969.165 0.223233 923.249 0.157477 874.998 0.179198 585.563 0.143409 
97 935.031 0.150927 906.462 0.133583 860.823 0.0940026 812.132 0.0874151 520.255 0.0750557 
98 1003.72 0.146546 974.141 0.117794 927.022 0.088703 877.08 0.0747137 578.322 0.0681261 
99 967.785 0.131554 939.385 0.106155 892.453 0.0773532 842.972 0.0759116 547.269 0.0621702 
100 1000.19 0.13849 970.425 0.115403 923.226 0.0851952 873.132 0.0826557 573.734 0.0690065 
101 954.882 0.113312 925.505 0.115519 879.227 0.0790271 829.918 0.0729174 534.589 0.0625116 
102 987.321 0.130641 957.978 0.11451 910.436 0.089813 860.691 0.0878376 563.119 0.0722881 
103 959.487 0.122487 930.211 0.107196 883.351 0.0800432 833.831 0.0723063 537.025 0.0630402 
104 992.097 0.12646 962.034 0.115867 914.935 0.0873402 864.971 0.0802331 566.527 0.0702399 
105 989.394 0.10857 959.393 0.118047 912.796 0.0852515 863.08 0.0805481 566.306 0.0663811 
106 1010.84 0.124842 980.841 0.135042 933.817 0.0888442 883.693 0.0916501 585.172 0.0733747 
107 978.835 0.111526 949.31 0.115211 902.472 0.0815629 852.838 0.0815185 556.385 0.0634719 
108 995.198 0.132635 964.887 0.12463 917.508 0.0900424 867.318 0.0969186 567.75 0.077116 
109 980.632 0.110854 950.345 0.112916 903.113 0.0909798 853.355 0.0852488 555.258 0.0662714 
110 1019.53 0.144858 988.852 0.130183 941.575 0.0927043 891.161 0.0977393 591.842 0.0830725 
111 949.312 0.111015 919.916 0.125304 873.811 0.0873171 825.521 0.0811629 536.2 0.0657057 
112 1015.15 0.133075 984.14 0.136284 936.296 0.0988737 886.015 0.0917492 585.641 0.0733212 
113 1008.19 0.112749 977.265 0.127984 929.681 0.0974672 880.234 0.0864358 581.52 0.0720813 
114 1010.83 0.11771 979.288 0.123435 932.098 0.0983378 881.863 0.0947454 581.118 0.0776462 
115 977.709 0.112071 946.565 0.124317 899.268 0.0961199 849.571 0.0882271 550.986 0.0739371 
116 1016.81 0.11405 985.345 0.135526 937.523 0.101693 887.231 0.098869 586.4 0.0825676 
117 988.103 0.109449 957.247 0.129191 910.663 0.0965809 861.566 0.0863654 567.653 0.0774262 
118 1034.1 0.125389 1002.35 0.136985 954.381 0.109332 903.631 0.103516 601.219 0.0844291 
119 956.173 0.123443 924.969 0.132319 877.691 0.101139 828.372 0.0928577 531.062 0.0815048 
120 1041.06 0.1194 1008.88 0.149815 961.094 0.106098 909.988 0.104218 608.309 0.0913308 
121 981.313 0.119538 949.662 0.14545 901.861 0.103361 852.316 0.101594 553.402 0.0857567 
122 1025.06 0.111765 992.942 0.139639 944.855 0.112516 893.991 0.10723 592.749 0.0924817 
123 960.761 0.111933 928.667 0.127614 881.047 0.10461 830.967 0.0961034 531.767 0.0851881 
124 1020.9 0.117708 988.718 0.151584 940.571 0.111354 889.733 0.105776 588.253 0.101244 
125 953.519 0.112964 921.195 0.144845 873.85 0.113063 824.307 0.10394 526.166 0.0893887 
126 1040.86 0.109887 1008.08 0.16028 959.455 0.124364 909.132 0.110854 607.151 0.102236 
127 989.863 0.112495 957.321 0.165446 909.35 0.118959 859.127 0.107326 559.476 0.0944835 
128 998.973 0.142055 966.065 0.178602 918.043 0.137273 867.991 0.146906 568.901 0.119779 
