1 1012.8 0.106034 983.983 0.126448 938.63 0.10837 892.514 0.0941798 612.51 0.0946785 
2 982.373 0.0886994 952.562 0.123567 907.649 0.112465 860.09 0.0981235 577.293 0.0841453 
3 989.365 0.0785929 959.618 0.120755 915.205 0.0854861 868.672 0.0801601 590.234 0.0724074 
4 981.216 0.0905629 951.168 0.123934 906.222 0.0940544 858.981 0.0932378 576.612 0.078694 
5 999.896 0.0892951 970.412 0.0988056 925.884 0.076872 879.283 0.0827043 601.207 0.0719073 
6 989.063 0.084144 959.079 0.125668 914.314 0.093942 867.203 0.0981185 586.111 0.0800808 
7 991.482 0.0866959 962.059 0.108136 918.303 0.0886826 872.304 0.0797165 596.806 0.0738562 
8 1003.45 0.0926643 973.394 0.117035 928.49 0.0902743 881.319 0.0859432 600.38 0.0824639 
9 986.482 0.078778 956.895 0.0959433 912.133 0.0838338 865.359 0.0771781 586.079 0.0760025 
10 996.747 0.090845 966.552 0.115968 921.498 0.0965093 874.619 0.0887751 593.767 0.0822167 
11 1018.05 0.076342 988.408 0.095138 943.172 0.08596 896.885 0.0770125 618.725 0.0752064 
12 993.981 0.0853284 964.113 0.136801 918.576 0.0994701 871.674 0.100646 590.685 0.0801886 
13 1004.46 0.0763584 974.023 0.102341 928.982 0.0800088 882.366 0.082986 602.935 0.0762327 
14 989.605 0.0828939 958.822 0.122316 913.496 0.103774 866.252 0.0994021 584.518 0.0881015 
15 1001.69 0.0757668 971.403 0.113411 926.394 0.0868198 880.297 0.080803 601.691 0.0749237 
16 1010.15 0.0884342 979.4 0.137816 934.312 0.110279 887.381 0.114947 605.382 0.0808919 
17 996.633 0.0737972 965.984 0.122224 921.28 0.0867052 874.426 0.0873012 595.712 0.0812607 
18 987.047 0.0828648 955.798 0.131391 910.476 0.102753 863.245 0.100155 580.623 0.0852056 
19 991.152 0.0956298 960.16 0.178138 914.947 0.122776 867.757 0.126674 586.859 0.102606 
20 989.692 0.0807996 958.79 0.119662 913.237 0.10151 866.002 0.0965257 584.245 0.090217 
21 996.357 0.0849943 965.873 0.121856 921.472 0.0967341 875.137 0.09336 598.757 0.0808507 
22 995.13 0.0932127 963.967 0.162278 918.131 0.109769 870.532 0.0989994 587.523 0.0985537 
23 995.075 0.0715529 963.65 0.130039 918.046 0.103267 871.115 0.10108 589.862 0.0772259 
24 998.548 0.0856459 967.171 0.146386 921.433 0.101912 873.579 0.100075 590.753 0.0909834 
25 1016.73 0.0747274 985.398 0.108079 938.756 0.105501 891.998 0.0880185 608.281 0.0773154 
26 980.06 0.0795944 948.409 0.129727 902.278 0.119771 855.086 0.113753 572.287 0.0895912 
27 1019.15 0.0738388 987.314 0.11408 941.61 0.100706 894.428 0.0882079 612.757 0.0856035 
28 977.503 0.113667 946.51 0.223823 900.506 0.214795 853.316 0.161582 572.781 0.151906 
29 1009.41 0.0713789 977.822 0.121769 931.278 0.107472 884.618 0.101736 602.349 0.0884253 
30 1018.01 0.077358 986.465 0.128181 940.46 0.110651 893.135 0.102879 611.734 0.107766 
31 1008.75 0.0689803 976.957 0.125502 929.701 0.113966 882.858 0.105101 599.366 0.098246 
32 977.372 0.111181 945.5 0.975483 900.031 0.150063 852.945 0.142776 572.775 0.132331
33 1010.2 0.138752 982.747 0.130666 937.791 0.101396 890.666 0.0908613 606.547 0.0850669 
34 1022 0.123792 993.768 0.113254 947.486 0.0936043 898.182 0.0860961 604.708 0.0694233 
35 991.175 0.127533 963.45 0.120636 918.799 0.0871319 871.678 0.082877 588.625 0.0697657 
36 1026.24 0.115377 998.1 0.1193 952.066 0.0880783 902.804 0.0905642 609.8 0.0731953 
37 1010.35 0.141326 983.055 0.116835 937.992 0.0850917 890.373 0.085778 606.15 0.0754998 
38 1013.57 0.118516 984.899 0.118188 938.478 0.0835111 889.22 0.0810432 595.795 0.0823052 
39 1008.73 0.130725 981.129 0.109759 936.03 0.0845815 888.633 0.0790514 604.564 0.0694626 
40 1029.37 0.119721 1001.34 0.123403 955.095 0.0849661 905.936 0.0852868 613.076 0.072366 
41 1005.79 0.119405 977.477 0.109127 932.406 0.0861045 884.692 0.0862673 598.536 0.0761648 
42 1004.06 0.119818 974.946 0.116792 929.482 0.0832863 880.999 0.0801184 591.423 0.0742053 
43 1008.49 0.108846 980.169 0.119389 935.051 0.0889507 887.389 0.087875 602.517 0.0755758 
44 1008.03 0.122191 978.839 0.128193 932.562 0.0937469 883.287 0.086982 591.141 0.0759197 
45 992.987 0.109664 964.984 0.111677 920.096 0.0843181 872.719 0.079977 589.089 0.0704814 
46 1029.04 0.112343 1000.09 0.12306 953.624 0.0912135 904.562 0.0842785 610.822 0.0772089 
47 975.587 0.126244 947.343 0.118448 902.432 0.0910683 855.135 0.0849934 572.662 0.0766311 
48 1006.02 0.107961 976.69 0.112199 930.33 0.0897462 881.643 0.0881777 590.597 0.0752786 
49 1002.74 0.112119 973.909 0.106476 929.2 0.0881161 881.989 0.0834479 599.365 0.0769519 
50 1022.02 0.104453 992.618 0.126789 946.272 0.0887728 897.532 0.0894905 606.332 0.0762982 
51 1030.22 0.109 1001.26 0.116898 956.35 0.0958719 908.612 0.0835383 624.342 0.0784931 
52 1028.17 0.104879 998.359 0.127822 952.096 0.0976581 902.932 0.0970096 609.435 0.0772806 
53 1017.9 0.105297 988.584 0.121642 943.19 0.0952378 895.601 0.0926989 610.39 0.0791072 
54 1022.18 0.100057 992.312 0.121352 946.093 0.0902417 897.136 0.087907 605.643 0.078242 
55 1002.33 0.109587 973.085 0.120372 927.862 0.096647 880.081 0.0912848 595.345 0.0808746 
56 1013.84 0.114389 984.121 0.126331 937.242 0.0974777 888.356 0.0874113 595.654 0.0869944 
57 1010.01 0.108775 980.371 0.128381 935.054 0.0980506 887.519 0.0962861 603.084 0.0834561 
58 1024.39 0.103854 993.768 0.123277 946.943 0.0985316 897.713 0.0953629 604.582 0.079017 
59 996.849 0.11055 967.056 0.125343 921.934 0.0958411 874.512 0.0931993 590.71 0.0825836 
60 1016.37 0.114795 985.583 0.125066 938.614 0.10512 889.672 0.0911423 596.83 0.081349 
61 1003.3 0.116063 972.905 0.135914 927.334 0.0978607 879.672 0.103635 593.964 0.0832903 
62 1010.53 0.103906 980.054 0.147995 933.448 0.0995583 884.719 0.0959447 593.537 0.082659 
63 1007.89 0.108417 977.273 0.140877 931.578 0.115855 883.962 0.0952332 597.96 0.0892928 
64 1023.05 0.170626 991.278 0.185578 944.207 0.137591 895.352 0.122107 601.595 0.112052 
65 1 1 984.161 0.138354 938.283 0.12451 890.133 0.106073 604.509 0.0911456 
66 1018.59 0.208567 990.496 0.145851 943.984 0.124441 894.917 0.113572 601.769 0.0862235 
67 1012.66 0.133019 984.974 0.131165 940.399 0.0961759 892.583 0.0890262 608.423 0.0752197 
68 1000.43 0.167793 972.487 0.164186 926.102 0.123798 877.705 0.0990624 587.339 0.0930349 
69 1006.68 0.153672 979.324 0.132984 934.216 0.0974702 886.142 0.0885611 600.993 0.074737 
70 1024.57 0.160999 996.186 0.192313 949.987 0.111504 900.761 0.116748 607.561 0.0968113 
71 1019.4 0.159714 991.661 0.158443 946.587 0.0995046 898.814 0.0963498 614.214 0.0748589 
72 1021.83 0.18384 993.542 0.171524 947.69 0.136439 898.161 0.112912 604.826 0.0913972 
73 1002.07 0.132447 974.322 0.123847 929.437 0.0957235 881.662 0.0915431 596.97 0.0741871 
74 1021.18 0.162255 993.111 0.146002 946.513 0.118451 897.15 0.110661 603.561 0.0984488 
75 1015.54 0.183976 988.137 0.128924 942.676 0.102905 894.854 0.0918543 609.691 0.0774008 
76 996.106 0.183898 967.972 0.220098 921.784 0.1112 872.625 0.113407 580.008 0.0945104 
77 1012.28 0.144056 984.643 0.134945 940.068 0.090154 892.164 0.0915834 607.374 0.0758012 
78 1026.67 0.193626 998.573 0.172698 952.092 0.114685 902.713 0.116359 608.737 0.0909964 
79 1018.52 0.143361 991.262 0.13583 946.146 0.102279 898.237 0.10002 613.471 0.0772759 
80 1008.12 0.174109 980.336 0.179292 933.837 0.116247 884.546 0.113616 591.604 0.0991397 
81 1022.26 0.169375 994.807 0.138857 949.732 0.100535 902.116 0.0941638 617.36 0.0749937 
82 1000.28 0.17981 971.84 0.181633 925.489 0.111667 876.508 0.112324 583.63 0.102615 
83 994.653 0.17871 967.105 0.133644 921.937 0.105249 874.03 0.0968976 588.86 0.0744288 
84 1023.02 0.222631 995.147 0.191105 948.081 0.135914 898.84 0.131841 604.343 0.0981154 
85 1009.4 0.164068 981.751 0.135637 936.935 0.101528 889.072 0.0939257 604.004 0.0780953 
86 1007.75 0.228379 979.863 0.190402 932.908 0.135157 883.42 0.131615 588.219 0.0991773 
87 1025.09 0.153262 997.479 0.14736 952.312 0.102184 904.673 0.100762 618.332 0.0799908 
88 996.049 0.227135 968.155 0.190105 921.747 0.117054 872.234 0.122303 577.35 0.0941666 
89 1018.18 0.177002 990.691 0.130561 945.937 0.107962 897.97 0.104689 612.543 0.0812494 
90 1016.93 0.183577 988.603 0.186612 941.646 0.143773 892.44 0.11281 598.756 0.101557 
91 1012.84 0.165975 985.329 0.146925 940.437 0.111778 892.351 0.104834 606.797 0.0855544 
92 1014.21 0.242051 985.665 0.169846 939.869 0.161517 890.4 0.113846 597.486 0.104436 
93 1006.46 0.16413 979.115 0.153627 933.723 0.105969 885.901 0.106362 600.709 0.0810635 
94 1003.33 0.268325 975.306 0.183444 928.977 0.131221 879.98 0.122086 587.326 0.107837 
95 1005.04 0.173151 977.427 0.157466 932.191 0.123721 883.935 0.108781 596.944 0.0876209 
96 1019.58 0.384074 990.188 0.426745 943.464 0.381804 894.867 0.404225 600.906 0.265774 
97 1 1 957.314 0.129228 912.655 0.0948026 866.017 0.0856464 583.41 0.0880747 
98 1 1 964 1 918 1 872 1 594 1
99 1000.34 0.092205 970.981 0.106005 926.35 0.0814719 879.345 0.0769074 598.466 0.0733249 
100 959.904 0.137723 930.823 0.124377 885.881 0.0974059 839.126 0.0942517 558.85 0.0944908 
101 976.912 0.0817802 948.284 0.111954 904.356 0.0825603 857.677 0.0803132 580.001 0.0752768 
102 961.559 0.100023 932.522 0.11625 887.67 0.116808 840.651 0.0950978 559.74 0.0988923 
103 995.117 0.100244 966.134 0.108765 921.733 0.0830215 874.471 0.0805837 593.474 0.0758384 
104 959.552 0.132555 930.59 0.12125 885.758 0.0963445 839.05 0.0967636 558.179 0.0889335 
105 977.485 0.0903666 948.469 0.108627 904.07 0.0810818 856.933 0.0802077 575.075 0.0748727 
106 960.441 0.115362 931.908 0.15093 886.89 0.106326 840.285 0.097193 559.953 0.103034 
107 995.387 0.105101 966.523 0.10941 922.15 0.0847569 874.961 0.0808776 593.8 0.0736698 
108 962.276 0.10083 933.964 0.117063 889.538 0.0988509 842.994 0.100887 564.655 0.0887523 
109 1000.79 0.0936319 972.103 0.101084 927.216 0.0889699 880.297 0.082975 599.154 0.0768992 
110 954.362 0.119945 925.493 0.128606 881.247 0.0995073 834.462 0.0986087 553.87 0.0902042 
111 976.202 0.0928083 947.381 0.110792 903.068 0.0833394 856.381 0.0799893 576.178 0.0758379 
112 977.501 0.111459 949.181 0.120234 904.851 0.106598 857.861 0.0966229 579.031 0.0930978 
113 994.37 0.0993117 965.788 0.114215 921.791 0.0840106 874.872 0.0834913 596.042 0.0725292 
114 959.747 0.153564 931.54 0.151983 887.081 0.115658 840.66 0.0967602 561.995 0.090994 
115 990.675 0.125435 962.155 0.150717 917.573 0.114306 870.532 0.109169 588.623 0.10027 
116 968.583 0.117971 940.214 0.15632 895.516 0.130454 848.462 0.107586 567.869 0.103227 
117 984.52 0.102478 956.071 0.114953 911.253 0.0949958 864.257 0.0845568 582.261 0.0809052 
118 965.321 0.113285 936.533 0.147183 892.371 0.113158 845.385 0.103386 565.28 0.088444 
119 994.09 0.102361 965.249 0.121479 921.246 0.0947695 873.979 0.090107 592.976 0.0797732 
120 959.357 0.141847 930.748 0.141731 885.826 0.107633 838.833 0.104505 557.289 0.0954384 
121 988.713 0.101285 960.155 0.119833 915.612 0.0985612 868.893 0.0931912 588.374 0.0801313 
122 950.128 0.117107 921.977 0.148576 877.514 0.11502 830.943 0.115664 551.905 0.0981122 
123 1003.83 0.108181 975.213 0.124219 930.632 0.0924922 883.728 0.100195 602.563 0.0831917 
124 966.915 0.134088 938.222 0.166451 893.337 0.125499 846.507 0.113638 564.097 0.0960727 
125 984.692 0.109598 956.443 0.114828 911.816 0.0983092 864.743 0.0903529 584.432 0.0830602 
126 962.594 0.131611 933.912 0.133371 889.046 0.115393 841.822 0.113184 559.554 0.113832 
127 1014.42 0.129129 985.922 0.143461 941.153 0.109571 893.99 0.110198 611.697 0.116913 
128 946.398 0.151478 917.736 0.18102 873.341 0.141381 826.965 0.158992 545.554 0.127045 
