0 0 9.54458 0
0 1 9.50334 0
0 2 9.4539 0
0 3 9.36772 0
0 4 9.35564 0
0 5 9.31743 0
0 6 9.32389 0
0 7 9.28005 0
0 8 9.19068 0
0 9 9.2424 0
0 10 9.22432 0
0 11 9.24131 0
0 12 9.24962 0
0 13 9.27105 0
0 14 9.28176 0
0 15 9.31399 0
0 16 9.78415 0
0 17 9.77582 0
0 18 9.11292 0
0 19 9.47451 0
0 20 9.78906 0
0 21 9.59662 0
0 22 9.23411 0
0 23 9.28256 0
0 24 9.33186 0
0 25 9.19513 0
0 26 9.70771 0
0 27 9.39956 0
0 28 9.21162 0
0 29 9.30615 0
0 30 9.29674 0
0 31 9.66115 0
1 0 9.68054 0
1 1 9.60328 0
1 2 9.55801 0
1 3 9.51271 0
1 4 9.47918 0
1 5 9.46487 0
1 6 9.44766 0
1 7 9.45816 0
1 8 9.51739 0
1 9 9.50295 0
1 10 9.565 0
1 11 9.54549 0
1 12 9.61734 0
1 13 9.6466 0
1 14 9.69335 0
1 15 9.74108 0
1 16 9.67546 0
1 17 9.56131 0
1 18 9.60653 0
1 19 9.48232 0
1 20 9.3296 0
1 21 9.32427 0
1 22 9.35845 0
1 23 9.35608 0
1 24 9.31795 0
1 25 9.30081 0
1 26 9.2955 0
1 27 9.31015 0
1 28 9.31707 0
1 29 9.40928 0
1 30 9.47196 0
1 31 9.49657 0
2 0 9.16546 0
2 1 10.5435 0
2 2 9.88613 0
2 3 9.84271 0
2 4 9.57443 0
2 5 9.52269 0
2 6 9.56915 0
2 7 9.59581 0
2 8 9.53686 0
2 9 9.48418 0
2 10 9.71631 0
2 11 9.74052 0
2 12 9.46951 0
2 13 9.56973 0
2 14 9.53914 0
2 15 9.54836 0
2 16 9.54786 0
2 17 9.33687 0
2 18 9.30661 0
2 19 9.4072 0
2 20 9.15829 0
2 21 9.19426 0
2 22 9.17586 0
2 23 9.07931 0
2 24 9.98078 0
2 25 9.17466 0
2 26 9.08178 0
2 27 9.11072 0
2 28 9.14369 0
2 29 9.14613 0
2 30 9.19647 0
2 31 9.19895 0
3 0 9.54137 0
3 1 9.47762 0
3 2 9.4632 0
3 3 9.36513 0
3 4 9.39927 0
3 5 9.37875 0
3 6 9.39348 0
3 7 9.39335 0
3 8 9.32175 0
3 9 9.30035 0
3 10 9.26311 0
3 11 9.18686 0
3 12 9.27457 0
3 13 9.28846 0
3 14 9.25276 0
3 15 9.33163 0
3 16 9.55563 0
3 17 9.58243 0
3 18 9.49065 0
3 19 9.53298 0
3 20 9.47477 0
3 21 9.4577 0
3 22 9.47172 0
3 23 9.43094 0
3 24 9.50319 0
3 25 9.46537 0
3 26 9.22501 0
3 27 9.44002 0
3 28 9.46072 0
3 29 9.4626 0
3 30 9.4953 0
3 31 8.8606 0
