0 0 9.59635 0
0 1 9.54199 0
0 2 9.48763 0
0 3 9.43975 0
0 4 9.39356 0
0 5 9.37033 0
0 6 9.40579 0
0 7 9.38688 0
0 8 9.32965 0
0 9 9.31784 0
0 10 9.35705 0
0 11 9.35813 0
0 12 9.40265 0
0 13 9.43135 0
0 14 9.45038 0
0 15 9.47578 0
0 16 9.30562 0
0 17 9.26944 0
0 18 9.21446 0
0 19 9.21509 0
0 20 9.16348 0
0 21 9.09723 0
0 22 9.13992 0
0 23 9.1565 0
0 24 9.10796 0
0 25 9.04972 0
0 26 8.99429 0
0 27 8.9828 0
0 28 9.0331 0
0 29 9.08611 0
0 30 9.11975 0
0 31 9.09302 0
1 0 9.86867 0
1 1 9.79498 0
1 2 9.71572 0
1 3 9.709 0
1 4 9.60574 0
1 5 9.61109 0
1 6 9.61394 0
1 7 9.62257 0
1 8 9.6693 0
1 9 9.63945 0
1 10 9.61247 0
1 11 9.6337 0
1 12 9.65222 0
1 13 9.68112 0
1 14 9.7181 0
1 15 9.75305 0
1 16 9.70489 0
1 17 9.68114 0
1 18 9.60023 0
1 19 9.58161 0
1 20 9.50662 0
1 21 9.50476 0
1 22 9.45708 0
1 23 9.53391 0
1 24 9.43567 0
1 25 9.46298 0
1 26 9.45455 0
1 27 9.47845 0
1 28 9.52661 0
1 29 9.53637 0
1 30 9.57987 0
1 31 9.6313 0
2 0 9.68284 0
2 1 9.56399 0
2 2 9.50894 0
2 3 9.5 0
2 4 9.39868 0
2 5 9.39174 0
2 6 9.3751 0
2 7 9.40314 0
2 8 9.34093 0
2 9 9.32777 0
2 10 9.28355 0
2 11 9.26835 0
2 12 9.40961 0
2 13 9.3535 0
2 14 9.38825 0
2 15 9.37756 0
2 16 9.93637 0
2 17 9.91682 0
2 18 9.92353 0
2 19 9.78897 0
2 20 9.61986 0
2 21 9.68629 0
2 22 9.66151 0
2 23 9.71655 0
2 24 9.54303 0
2 25 9.60409 0
2 26 9.55552 0
2 27 9.53482 0
2 28 9.58625 0
2 29 9.65119 0
2 30 9.73793 0
2 31 9.69855 0
3 0 9.75864 0
3 1 9.72898 0
3 2 9.65659 0
3 3 9.60708 0
3 4 9.57235 0
3 5 9.58685 0
3 6 9.59022 0
3 7 9.56359 0
3 8 9.49479 0
3 9 9.44599 0
3 10 9.42136 0
3 11 9.40776 0
3 12 9.3777 0
3 13 9.42406 0
3 14 9.40122 0
3 15 9.45656 0
3 16 9.68919 0
3 17 9.65209 0
3 18 9.63118 0
3 19 9.57397 0
3 20 9.48612 0
3 21 9.45964 0
3 22 9.48606 0
3 23 9.52942 0
3 24 9.41862 0
3 25 9.40951 0
3 26 9.40443 0
3 27 9.4001 0
3 28 9.45669 0
3 29 9.44576 0
3 30 9.45355 0
3 31 9.49472 0
