0 0 9.62013 0
0 1 9.50789 0
0 2 9.48521 0
0 3 9.40048 0
0 4 9.37617 0
0 5 9.36504 0
0 6 9.29625 0
0 7 9.31086 0
0 8 9.33319 0
0 9 9.36359 0
0 10 9.29775 0
0 11 9.3639 0
0 12 9.33926 0
0 13 9.38486 0
0 14 9.40613 0
0 15 9.47085 0
0 16 9.63524 0
0 17 9.6008 0
0 18 9.53154 0
0 19 9.4508 0
0 20 9.48527 0
0 21 9.45026 0
0 22 9.41193 0
0 23 9.43962 0
0 24 9.46604 0
0 25 9.44691 0
0 26 9.41053 0
0 27 9.41103 0
0 28 9.40743 0
0 29 9.44346 0
0 30 9.48466 0
0 31 9.46568 0
1 0 9.72724 0
1 1 8.80956 0
1 2 9.955 0
1 3 8.82499 0
1 4 9.97848 0
1 5 8.80973 0
1 6 8.96828 0
1 7 8.58055 0
1 8 8.90659 0
1 9 8.688 0
1 10 8.61759 0
1 11 8.85839 0
1 12 8.84186 0
1 13 8.9313 0
1 14 9.82446 0
1 15 8.68364 0
1 16 9.72834 0
1 17 9.71007 0
1 18 9.70002 0
1 19 9.61118 0
1 20 9.51415 0
1 21 9.50033 0
1 22 9.40637 0
1 23 9.48116 0
1 24 9.34613 0
1 25 9.37377 0
1 26 9.34046 0
1 27 9.35124 0
1 28 9.35155 0
1 29 9.41161 0
1 30 9.38196 0
1 31 9.40224 0
2 0 9.81506 0
2 1 9.74617 0
2 2 9.78392 0
2 3 9.71831 0
2 4 9.68075 0
2 5 9.67135 0
2 6 9.68478 0
2 7 9.64797 0
2 8 9.57811 0
2 9 9.58323 0
2 10 9.56525 0
2 11 9.59589 0
2 12 9.59846 0
2 13 9.59823 0
2 14 9.67113 0
2 15 9.67586 0
2 16 9.675 0
2 17 9.62754 0
2 18 9.56662 0
2 19 9.52031 0
2 20 9.50166 0
2 21 9.42033 0
2 22 9.43378 0
2 23 9.50338 0
2 24 9.40265 0
2 25 9.40734 0
2 26 9.40665 0
2 27 9.40438 0
2 28 9.40657 0
2 29 9.41265 0
2 30 9.47768 0
2 31 9.51773 0
3 0 9.52351 0
3 1 9.41559 0
3 2 9.39779 0
3 3 9.37238 0
3 4 9.32958 0
3 5 9.24262 0
3 6 9.21275 0
3 7 9.30798 0
3 8 9.20123 0
3 9 9.20776 0
3 10 9.18884 0
3 11 9.18624 0
3 12 9.16701 0
3 13 9.2141 0
3 14 9.22472 0
3 15 9.25596 0
3 16 9.79667 0
3 17 9.74383 0
3 18 9.67662 0
3 19 9.61711 0
3 20 9.56327 0
3 21 9.58071 0
3 22 9.60628 0
3 23 9.60583 0
3 24 9.46216 0
3 25 9.49328 0
3 26 9.46841 0
3 27 9.5243 0
3 28 9.48285 0
3 29 9.53107 0
3 30 9.56614 0
3 31 9.57166 0
